TP: 205
TN: 255
FP: 16
FN: 23
Precision: 0.9276018099547512
Recall: 0.8991228070175439
F1: 0.9131403118040089
